78
2
63
22
41
87
73
41
86
58
87
14
20
24
27
68
17
34
48
23
85
40
38
94
87
51
44
26
78
78
33
83
60
49
74
43
62
42
81
90
12
33
90
51
99
51
71
70
24
84
49
77
81
14
74
35
52
19
8
68
29
68
63
21
51
18
48
91
65
67
94
93
38
30
98
55
29
74
18
6
96
11
66
12
14
64
34
96
52
65
19
45
73
22
85
83
26
94
58
83
89
7
90
30
79
97
25
26
83
95
77
64
28
21
24
49
18
99
97
86
34
83
27
30
95
91
60
67
5
81
23
55
29
28
51
26
47
38
89
48
4
38
39
19
11
17
84
44
73
43
55
48
6
43
50
34
14
72
93
34
90
97
93
34
43
70
12
2
65
60
62
22
42
47
69
93
96
99
14
94
68
49
31
66
92
27
56
68
69
66
26
30
25
76
96
62
58
7
47
74
7
79
6
19
92
47
76
68
31
40
83
37
62
44
56
35
33
64
14
66
96
86
33
39
50
44
65
59
89
26
48
50
58
3
22
92
67
72
83
72
70
70
91
57
88
42
52
7
82
1
80
53
57
15
67
24
64
47
6
97
20
44
61
53
71
37
82
96
54
9
3
52
72
49
61
51
51
7
13
73
77
43
81
37
25
46
22
71
83
50
89
40
64
85
55
75
4
59
41
89
9
9
36
61
80
94
47
63
71
92
75
47
58
95
49
62
54
35
67
81
90
34
43
82
92
75
62
33
90
12
69
7
91
24
31
47
4
27
25
59
6
57
8
57
52
68
34
9
6
36
92
66
13
57
23
14
23
20
4
4
12
35
22
39
59
29
100
69
83
41
38
16
19
75
10
4
56
62
46
67
8
18
97
13
89
88
20
32
32
71
13
7
31
24
56
65
87
18
94
2
16
76
26
38
93
44
37
32
81
60
24
51
77
65
5
16
45
16
13
59
85
32
30
45
27
91
4
42
88
90
89
98
15
11
15
81
94
51
93
6
8
28
78
36
16
30
57
37
23
29
61
19
3
37
77
85
66
54
1
3
16
20
3
52
97
11
3
70
70
72
37
76
75
97
88
32
100
56
57
14
88
77
46
87
44
85
81
6
21
49
80
84
77
90
60
39
88
97
80
72
48
61
91
52
8
70
45
4
61
67
5
4
90
63
62
43
87
56
96
98
96
6
64
85
49
4
37
21
99
86
29
76
43
64
68
27
51
19
11
99
92
36
98
83
32
51
92
25
46
55
35
89
54
88
61
98
91
68
22
35
61
54
86
15
85
40
3
50
3
92
44
46
88
4
6
82
9
82
56
96
82
38
71
99
12
52
62
37
69
4
95
99
69
33
57
35
26
1
26
90
51
14
16
99
7
19
29
36
43
57
34
22
72
20
60
22
10
52
29
15
70
97
97
21
9
24
74
21
81
100
59
39
55
38
93
82
88
6
43
56
34
40
85
84
3
98
25
51
43
65
89
64
38
24
95
89
20
47
63
22
54
44
28
80
37
82
63
40
15
39
7
54
57
61
56
82
56
69
1
45
96
2
67
96
88
3
25
20
98
33
73
21
84
10
16
3
54
16
76
97
5
52
32
77
17
46
19
62
12
59
46
76
73
64
32
31
33
92
2
62
44
70
76
81
86
20
58
40
12
29
47
67
86
23
41
48
41
75
70
41
31
100
62
51
33
39
6
48
14
54
41
77
26
63
26
72
72
2
11
41
83
46
89
90
18
36
68
12
46
85
80
2
22
32
14
83
89
42
14
60
71
79
17
61
60
70
22
29
35
2
89
89
66
82
88
12
31
21
97
47
43
62
2
48
34
22
61
61
73
19
3
72
10
34
69
29
2
65
60
56
57
78
36
15
54
15
42
38
16
99
63
8
79
41
85
91
55
18
28
56
89
70
73
54
23
78
85
21
33
61
28
18
8
10
36
50
40
84
30
33
70
80
54
100
74
25
58
55
82
87
40
23
19
57
58
62
10
18
88
90
23
28
57
56
1
92
55
25
29
43
3
7
66
52
19
47
33
70
49
30
71
25
7
20
83
21
69
18
65
31
94
4
86
3
56
24
65
20
21
52
68
96
78
85
34
63
80
49
39
65
82
89
59
90
30
50
48
93
90
49
9
7
24
78
87
5
31
66
71
57
4
54
78
17
68
58
75
95
23
46
10
11
38
34
92
71
30
95
16
69
77
79
19
92
97
90
97
45
53
39
19
46
17
84
17
53
32
86
4
59
92
42
52
70
53
79
46
10
40
8
