5
17
55
9
21
74
84
26
95
19
31
4
27
39
13
23
25
47
63
41
63
39
35
71
62
21
62
68
55
59
13
50
23
86
41
93
100
20
18
92
38
58
16
27
94
53
30
9
33
35
30
29
13
11
6
43
88
70
90
44
41
44
9
7
50
1
76
34
31
80
14
35
96
91
79
12
97
92
24
68
67
89
47
20
59
32
40
66
63
26
100
57
94
86
71
41
67
12
84
26
52
75
79
93
95
69
83
50
10
2
90
7
89
64
54
54
98
45
32
70
79
11
82
69
95
87
97
1
76
54
36
75
28
7
72
10
37
69
87
12
95
98
80
84
7
100
49
38
46
84
75
26
67
30
10
45
20
53
42
20
94
46
16
81
53
64
18
15
96
33
36
58
97
63
26
95
77
57
60
54
29
63
22
44
51
71
88
40
77
34
64
51
87
13
4
98
79
41
52
93
37
51
49
68
39
3
25
31
73
71
95
64
80
16
38
22
33
5
58
13
99
12
13
66
61
53
5
45
18
91
7
97
18
69
50
48
24
89
38
41
9
55
32
20
2
45
45
5
51
57
95
40
22
10
66
38
96
57
30
95
30
5
3
58
17
62
4
3
80
74
30
30
97
61
28
33
7
59
63
90
58
6
5
96
60
63
45
83
3
43
61
6
100
63
24
73
10
27
6
66
46
92
45
99
63
72
23
70
43
31
36
59
5
27
69
11
60
92
55
23
25
39
28
66
75
8
54
8
87
39
38
5
98
2
14
63
60
77
95
85
82
13
40
38
70
64
33
95
86
93
13
20
89
75
71
74
16
81
40
42
36
39
74
9
44
98
57
31
97
90
24
72
40
88
23
57
64
27
85
49
6
89
62
99
9
11
66
33
96
31
19
46
55
93
56
66
85
9
49
8
82
41
84
55
14
14
22
46
24
49
79
27
78
1
85
53
91
3
99
98
40
7
62
90
69
49
30
62
89
32
60
31
7
83
10
73
80
74
43
4
7
46
93
78
81
49
93
76
7
88
16
28
63
87
27
62
40
17
44
4
75
68
23
60
27
26
18
57
98
78
38
79
83
19
29
77
30
5
65
20
79
26
2
19
26
59
36
5
84
32
7
71
66
34
35
54
50
74
2
41
98
56
85
97
97
40
11
100
47
21
11
11
56
19
43
66
100
76
65
27
78
12
84
15
86
18
71
12
3
66
99
5
38
54
17
80
31
18
69
18
36
83
73
39
33
55
88
95
63
65
53
69
27
45
27
15
45
50
92
62
81
72
41
29
85
85
1
81
2
80
63
82
12
89
47
14
16
80
1
97
23
9
20
32
88
10
6
43
59
68
71
75
49
77
13
33
10
84
51
21
98
51
46
40
82
73
63
63
14
90
8
8
57
50
6
25
69
71
21
94
44
80
100
66
26
13
100
9
59
13
76
80
5
23
64
29
46
69
31
4
17
29
89
70
85
36
69
86
60
77
99
82
81
26
22
34
73
81
73
42
24
69
80
7
33
27
57
44
7
20
74
97
22
100
78
55
62
20
53
85
68
60
43
99
82
66
30
39
65
7
81
32
74
80
59
76
55
6
36
28
95
85
66
87
93
90
72
51
91
35
59
36
67
98
61
77
84
52
61
90
3
49
31
56
39
49
69
46
7
38
30
2
46
37
30
15
22
65
2
61
43
74
41
65
77
27
96
87
43
100
5
13
21
22
81
98
29
28
5
56
6
100
88
3
46
66
61
91
17
22
46
41
93
68
51
70
28
42
81
6
55
85
20
31
76
7
64
24
71
5
28
10
6
97
54
65
78
88
7
66
55
55
13
49
45
5
54
66
89
38
15
55
1
9
21
12
100
100
71
20
67
8
40
47
93
41
51
6
41
95
95
74
41
65
58
62
41
25
11
44
90
25
40
27
6
76
3
35
25
75
86
31
16
20
67
54
18
69
94
1
48
98
35
42
88
33
40
11
34
48
39
12
82
73
10
11
100
58
77
91
40
86
82
74
24
39
10
10
66
92
63
80
25
86
59
6
77
45
80
31
33
62
40
83
54
25
69
39
94
25
80
24
88
81
45
75
73
81
32
72
45
31
79
41
72
64
5
74
41
43
37
40
91
60
56
82
28
32
3
59
76
39
77
67
27
7
9
3
84
7
80
87
53
1
31
72
28
94
58
56
90
91
13
67
25
58
58
90
70
90
87
26
30
35
49
82
24
25
4
45
30
82
83
68
80
25
86
99
30
84
18
62
40
21
23
4
30
38
72
62
